9765470012 5324827940
9765470012 6672349622
9765470012 3561300264
9765470012 8787868548
9765470012 1207470555
9765470012 7512022131
9765470012 9798812734
9765470012 483620259
9765470012 2361232739
9765470012 6196060633
8952921292 186285302
8952921292 5451276436
8952921292 938606781
8952921292 2866022250
8952921292 5242161581
8952921292 166317412
8952921292 8023865557
8952921292 4946894327
8952921292 7361049429
8952921292 5368609569
8952921292 4867088406
3429965608 8656274024
3429965608 9411041659
3429965608 6196527590
3429965608 6198163424
3429965608 6163702153
3429965608 8368839392
3429965608 4559632138
3429965608 5171756940
3429965608 6353007654
3429965608 9493646393
3429965608 7291648853
877068927 8573128034
877068927 5929136677
877068927 231826012
877068927 1128550339
877068927 2841355498
877068927 9860575517
877068927 510901922
877068927 4579959561
877068927 3791668441
877068927 9725815480
877068927 7579034668
6061306904 5980454882
6061306904 1601892776
6061306904 7491657013
6061306904 6126185170
6061306904 3080719069
6061306904 3597800276
6061306904 4299338074
6061306904 6162920337
6061306904 2445105261
6061306904 6841347585
6061306904 7013433409
2346309961 7890469408
2346309961 7610944436
2346309961 8062257435
2346309961 6320616550
2346309961 3692024521
2346309961 9013323444
2346309961 967216567
2346309961 304620942
2346309961 2097404678
2346309961 284285114
8713780244 318981183
8713780244 7274125195
8713780244 83805927
8713780244 8081869972
8713780244 6110859027
8713780244 7137244594
8713780244 892101187
8713780244 9815623669
8713780244 9475092294
8713780244 2471607664
2521067517 7459709153
2521067517 1717974033
2521067517 3919240034
2521067517 2483943329
2521067517 6827476844
2521067517 414214726
2521067517 6095839194
2521067517 3278330730
2521067517 2124047062
2521067517 4670634699
8998841909 9893779446
8998841909 4658210140
8998841909 4132652755
8998841909 5486505696
8998841909 5099207846
8998841909 1529815880
8998841909 9422452153
8998841909 8780879260
8998841909 335470499
8998841909 7817077592
8232567322 9665736930
8232567322 6005357449
8232567322 509765314
8232567322 3589582668
8232567322 4024803371
8232567322 3518136483
8232567322 1272299183
8232567322 4447222062
8232567322 7912623354
8232567322 3308256967
8232567322 2798291829
5391448426 9617400390
5391448426 7343046513
5391448426 6245174835
5391448426 4569453298
5391448426 2441208183
5391448426 5844729822
5391448426 4022749845
5391448426 3855814006
5391448426 7088091155
5391448426 5578886805
5391448426 6708165504
2557246241 231679688
2557246241 4666677079
2557246241 8743038019
2557246241 4439941132
2557246241 7574449299
2557246241 8805544266
2557246241 2384746223
2557246241 4849330269
2557246241 5604414923
2557246241 4961874127
2557246241 627312959
1653603852 2360517769
1653603852 1517237448
1653603852 376138167
1653603852 4965413494
1653603852 6349927757
1653603852 2187688772
1653603852 9424939945
1653603852 9364868749
1653603852 5492014724
1653603852 491687172
4300384573 5331450299
4300384573 2198472536
4300384573 8231201864
4300384573 4468300441
4300384573 9393713228
4300384573 3792561134
4300384573 1664607150
4300384573 1046626144
4300384573 4314362373
4300384573 1293426940
4300384573 3147724221
3330481308 42250135
3330481308 4546318178
3330481308 9234710675
3330481308 882228282
3330481308 5654764529
3330481308 3526199094
3330481308 5047402839
3330481308 4904249763
3330481308 5638487522
3330481308 6013463226
1689999489 6702913810
1689999489 5043538699
1689999489 7520917685
1689999489 7782641010
1689999489 5367286529
1689999489 591414002
1689999489 8813044473
1689999489 1474484432
1689999489 3304578667
1689999489 728570210
1689999489 6372218604
913879481 8375072850
913879481 5685725235
913879481 668795321
913879481 7619701228
913879481 2685754272
913879481 7258214802
913879481 1561446801
913879481 9653565117
913879481 6062033154
913879481 5190882569
913879481 2032661032
6380052381 982246301
6380052381 2429119839
6380052381 3351206775
6380052381 6868014674
6380052381 2272540387
6380052381 8408949106
6380052381 6276207048
6380052381 5557743113
6380052381 4564150594
6380052381 1803046359
6380052381 8096781561
3796420148 13604723
3796420148 1403361136
3796420148 531097190
3796420148 1834591077
3796420148 1735282141
3796420148 1346452166
3796420148 169772331
3796420148 3414691029
9370669876 1524797102
9370669876 7025731643
9370669876 2856925967
9370669876 3479681098
9370669876 7755473375
9370669876 1059681154
9370669876 9476742839
9370669876 6667430001
9370669876 8343905138
9370669876 9984561822
3786014074 7698343360
3786014074 4583757821
3786014074 4495122249
3786014074 5181004984
3786014074 4364427920
3786014074 6808303653
3786014074 1426380436
3786014074 9374736680
6998281841 8999683869
6998281841 2816001641
6998281841 380324372
6998281841 2922055083
6998281841 7372940919
6998281841 551043163
6998281841 1003831379
6998281841 1287523937
6998281841 1565090059
6998281841 8387995738
6998281841 8436258307
6998281841 6605917361
7353886513 5715721762
7353886513 1424065895
7353886513 215687350
7353886513 5164659889
7353886513 9555399427
7353886513 435507396
7353886513 6232449035
7353886513 9404107976
7353886513 1452907127
7353886513 71655423
2778808489 6977953355
2778808489 1443895559
2778808489 3144503144
2778808489 2010320871
2778808489 5634960652
2778808489 3407630976
2778808489 9222074870
2778808489 6232905954
2778808489 9066528033
2778808489 5584689401
2778808489 9536613751
2778808489 778225843
5654467370 2908844504
5654467370 4387338006
5654467370 4523432696
5654467370 2403970612
5654467370 8656417114
5654467370 6817899524
5654467370 3901983526
5654467370 695475299
5654467370 5087976796
5654467370 2373566331
5654467370 790345674
4252736556 8330222013
4252736556 6262558075
4252736556 2739441018
4252736556 1271520793
4252736556 2826077924
4252736556 8891602613
4252736556 1360912978
4252736556 9774614257
4252736556 4966014507
4252736556 7886389657
4252736556 2093387821
4252736556 4883961200
4597298019 820856558
4597298019 9757697767
4597298019 1054063955
4597298019 6140967775
4597298019 997219157
4597298019 9197402107
4597298019 769066331
4597298019 8794476989
4597298019 7868724290
4597298019 5015268128
4597298019 6568546183
2629791539 5861781265
2629791539 4970106618
2629791539 1582481413
2629791539 4053255728
2629791539 9374909683
2629791539 9200723920
2629791539 3768170285
2629791539 386234095
2629791539 800585503
2629791539 8287628170
2629791539 4466080326
4252965196 2710107560
4252965196 2476923272
4252965196 3396596189
4252965196 7261282463
4252965196 6542157942
4252965196 4318950485
4252965196 8275089562
4252965196 206842231
4252965196 9737910981
4252965196 5410876068
4252965196 4143931819
4252965196 1436889500
6243316130 7745244184
6243316130 6510841675
6243316130 6071838293
6243316130 5367348654
6243316130 4554226726
6243316130 8665035501
6243316130 6887886542
6243316130 5994426280
6243316130 8196646856
6243316130 7076223495
6243316130 3235007468
6243316130 6121804670
5631314184 9306738243
5631314184 849043529
5631314184 5570481332
5631314184 2824864899
5631314184 5454078614
5631314184 8084127661
5631314184 5134486535
5631314184 7403913575
5631314184 917736008
5631314184 5504959309
5631314184 3593196219
5631314184 2973395324
1032062176 2816395181
1032062176 5830314843
1032062176 8372463111
1032062176 7774231640
1032062176 921115248
1032062176 424327685
1032062176 6739108309
1032062176 1802991700
1032062176 2282887065
1032062176 2258218184
1032062176 276540166
1032062176 7649685392
7866027003 5423205683
7866027003 8462901826
7866027003 1525157694
7866027003 7898675171
7866027003 6903902962
7866027003 520472196
7866027003 6124532555
7866027003 3885072072
7866027003 5718914415
7866027003 729054260
7866027003 545716555
2544441842 6692260936
2544441842 6405171797
2544441842 3486415934
2544441842 2906537518
2544441842 4382435619
2544441842 9044590666
2544441842 9968822549
2544441842 9895346805
2544441842 3728782844
2544441842 2554217473
2544441842 9154862782
2413923164 2039939068
2413923164 448818142
2413923164 7443489956
2413923164 1516075782
2413923164 5648855000
2413923164 9556768966
2413923164 2698284777
2413923164 8321177303
2413923164 9934093499
2413923164 4120319981
2413923164 931605655
2413923164 1981377991
2413923164 6979833496
5968663118 8811771659
5968663118 3429959665
5968663118 1681828070
5968663118 2999457132
5968663118 1839954474
5968663118 2268399518
5968663118 2728882398
5968663118 579147715
5968663118 7183555110
5968663118 4961526023
5968663118 3499895566
598194979 2848546221
598194979 4388091418
598194979 5936878769
598194979 1845373151
598194979 6161576988
598194979 6180252816
598194979 5242570177
598194979 3529500756
598194979 2300188124
598194979 8438458329
598194979 4401445331
598194979 1364883235
5566509773 1747122015
5566509773 5990178604
5566509773 7630056098
5566509773 4470479649
5566509773 7450520209
5566509773 7128686177
5566509773 807532007
5566509773 1503499801
5566509773 5062709947
5566509773 6517237851
5566509773 493187100
5566509773 757977375
5566509773 6179694306
1203790226 8274778938
1203790226 6259307932
1203790226 5353752039
1203790226 7010746395
1203790226 3126265464
1203790226 3408964545
1203790226 6393756054
1203790226 5533076535
1203790226 5180197804
1203790226 1149259933
517856203 84921503
517856203 9777048744
517856203 8205116520
517856203 8073766043
517856203 364562930
517856203 341518679
517856203 4567825134
517856203 1964620152
517856203 821449344
517856203 8031743209
517856203 4916097820
517856203 7393245107
517856203 5426059701
48462879 6692661922
48462879 8681406031
48462879 4694658353
48462879 4726294038
48462879 1725781829
48462879 6861408152
48462879 9340574150
48462879 6094795843
48462879 8504041166
48462879 7796875922
48462879 8699234298
48462879 8657007336
48462879 6148636597
8622075271 8717448930
8622075271 2835643813
8622075271 1401360778
8622075271 7163943597
8622075271 8713988145
8622075271 9099899317
8622075271 6462383811
8622075271 414643195
8622075271 8051734559
8622075271 1702653146
8622075271 2288556455
8622075271 9743690579
1317864940 9890575016
1317864940 8992897120
1317864940 1424284783
1317864940 4925304311
1317864940 2220260496
1317864940 205495605
1317864940 9567447267
1317864940 4438945049
1317864940 9239465691
1317864940 5118574951
1317864940 5609416459
1317864940 3216384166
4794545137 4094753240
4794545137 6429984573
4794545137 1101847935
4794545137 9883253895
4794545137 2356433537
4794545137 9728754349
4794545137 1560397183
4794545137 8073587895
4794545137 4195575872
4794545137 7914083903
4794545137 5383181207
5666800893 5560110429
5666800893 8697079254
5666800893 3495359694
5666800893 9865811591
5666800893 1687283879
5666800893 9148855040
5666800893 3780217591
5666800893 3321343224
5666800893 2288980297
5666800893 6816497661
5666800893 1298700659
5666800893 9740964132
4934875170 4763066683
4934875170 3421379357
4934875170 9641973503
4934875170 1239510152
4934875170 3625405109
4934875170 7213617558
4934875170 2502392088
4934875170 1404745071
4934875170 2638118775
4934875170 8369914073
4934875170 2793791883
436785980 5291013379
436785980 7033227153
436785980 3699534895
436785980 8023154023
436785980 7551017234
436785980 3946544473
436785980 7621424492
436785980 5241304949
436785980 810995085
436785980 36780273
436785980 9143909093
436785980 6599231784
436785980 5667495756
4345853376 629583589
4345853376 4525607584
4345853376 4870610849
4345853376 6807859901
4345853376 3909341433
4345853376 655765622
4345853376 5416260199
4345853376 5405981659
4345853376 7269887523
4345853376 8678333171
4352542416 3225955388
4352542416 2235557787
4352542416 2586091400
4352542416 6313219783
4352542416 3125612893
4352542416 6265871837
4352542416 2307915741
4352542416 1738850637
4352542416 4038072804
4352542416 2980841097
4352542416 5341072922
4352542416 2749121334
4352542416 9729398885
1052796063 4115393162
1052796063 9375106255
1052796063 7293107328
1052796063 7702082371
1052796063 8141820160
1052796063 7415545372
1052796063 218838789
1052796063 8722478326
1052796063 9817284839
1052796063 9431768274
1052796063 8763890691
3671468072 4862990027
3671468072 2763997527
3671468072 8749571265
3671468072 326892608
3671468072 5785983403
3671468072 5717340363
3671468072 8815798055
3671468072 5313579674
3671468072 1389357825
3671468072 523771698
3671468072 5138093600
9551804281 1620683264
9551804281 3247091101
9551804281 4238118176
9551804281 5807521412
9551804281 8487428002
9551804281 2603559736
9551804281 5575658982
9551804281 5013537470
9551804281 4721786454
9551804281 2134595193
9551804281 2682962111
9551804281 8565498482
9551804281 4763558828
8193241244 3890100560
8193241244 7715205296
8193241244 8578814174
8193241244 2109854275
8193241244 3017124993
8193241244 7893119509
8193241244 7665736061
8193241244 9308775660
8193241244 3842382325
8193241244 9616726533
8193241244 4379235604
3093943965 7445950109
3093943965 7150439550
3093943965 2025814584
3093943965 4684769658
3093943965 9860863782
3093943965 9535058431
3093943965 4511969858
3093943965 6992066390
3093943965 9836969109
3093943965 4231642523
3093943965 2157135228
3093943965 72503210
3093943965 9081906053
164497588 677882735
164497588 1712385694
164497588 4244649948
164497588 2693228473
164497588 6837401684
164497588 6654254572
164497588 4615002783
164497588 4165746370
164497588 6789539446
164497588 881091910
164497588 2007674400
164497588 2395720823
164497588 2163207892
164497588 7341542627
9019674491 8081116718
9019674491 4765228312
9019674491 9069129690
9019674491 1512990385
9019674491 6238103098
9019674491 2912354691
9019674491 4259485495
9019674491 5714039794
9019674491 7223975733
9019674491 922814476
9019674491 8234029524
6117436684 7982204932
6117436684 9482620725
6117436684 7217331318
6117436684 4656607104
6117436684 3063711028
6117436684 3328938379
6117436684 9431384879
6117436684 4044241591
6117436684 9414671602
6117436684 6612805882
6117436684 8068526130
6117436684 3473383730
6117436684 4603748329
6117436684 1018244933
7248498736 2932676579
7248498736 1391283854
7248498736 2590305820
7248498736 5666101948
7248498736 8162203276
7248498736 640003182
7248498736 8727516268
7248498736 9923989823
7248498736 6636525484
7248498736 2393832023
7248498736 4245882978
7248498736 319771388
7248498736 2779486775
7248498736 8571052817
7248498736 183936164
822102584 4605708051
822102584 8549803490
822102584 4717891846
822102584 9299292509
822102584 2236806295
822102584 1597696140
822102584 4900979473
822102584 3368184525
822102584 1885211638
822102584 2723973344
822102584 3219175080
822102584 8207592573
822102584 3409773534
822102584 6344130073
822102584 6622529125
9476637501 3489311302
9476637501 4411091005
9476637501 5346871050
9476637501 8998260610
9476637501 4843532352
9476637501 8865787314
9476637501 2769433873
9476637501 8607424026
9476637501 7784256094
9476637501 6055843393
9476637501 7690167785
9476637501 6308298549
9476637501 9667052689
9476637501 2070304502
129029012 1783156175
129029012 6656820619
129029012 5635000605
129029012 5873712786
129029012 2588686286
129029012 5092138005
129029012 3692506050
129029012 5546519064
129029012 3692913944
129029012 4282994160
129029012 1199010596
129029012 4073635963
129029012 2144666215
8789214888 8875784524
8789214888 9035483566
8789214888 4365964379
8789214888 3506830090
8789214888 1047687207
8789214888 1864387029
8789214888 8912611074
8789214888 7348170254
8789214888 8256310929
8789214888 5882905398
8789214888 8067677341
8789214888 3982274906
8789214888 3196645299
8789214888 9931153449
8789214888 5527598348
2304644177 5584108854
2304644177 7325862991
2304644177 8283882301
2304644177 1333310734
2304644177 8576227949
2304644177 7209585320
2304644177 8607204346
2304644177 4435912712
2304644177 2784177057
2304644177 2124577782
2304644177 2827845097
2304644177 774689510
2304644177 2587054406
2304644177 6318332836
2304644177 7987692502
474650667 4708206759
474650667 42066197
474650667 2024342205
474650667 6113247576
474650667 99956774
474650667 7508311801
474650667 7990316707
474650667 3282420727
474650667 7888907461
474650667 7918676034
474650667 3379082988
474650667 3016331073
474650667 9577308309
474650667 2433490269
7096324708 1456403626
7096324708 9394957274
7096324708 1140356733
7096324708 3632951831
7096324708 6284373633
7096324708 5135507930
7096324708 2133443162
7096324708 6961838164
7096324708 7356313736
7096324708 6002839915
7096324708 6179276317
7096324708 4474513232
7096324708 7113800361
7096324708 1802874327
7096324708 3720589075
4553381915 1825945647
4553381915 3548525142
4553381915 8215150046
4553381915 6781969676
4553381915 2976747065
4553381915 7351274553
4553381915 9183952780
4553381915 7886421921
4553381915 9227779901
4553381915 1308557532
4553381915 3694789108
4553381915 8874163730
4553381915 2157689634
4553381915 7294083313
4553381915 9776230976
4553381915 3561772880
1061373020 7002575704
1061373020 2604252421
1061373020 7985031348
1061373020 1600403918
1061373020 4230645705
1061373020 6084419987
1061373020 9828691591
1061373020 4226496397
1061373020 7714922955
1061373020 7770518629
1061373020 4527232863
1061373020 3060956223
1061373020 2900497644
1061373020 4976371469
1061373020 8204219072
1061373020 8294130397
9030737865 3397183041
9030737865 5453304641
9030737865 7432240456
9030737865 3686917148
9030737865 2484079201
9030737865 7520856152
9030737865 1686329006
9030737865 5630303095
9030737865 7000389139
9030737865 3837053687
9030737865 5641017169
9030737865 5481373565
9030737865 9245140639
9030737865 325288270
9030737865 7047848053
9422116903 2524940309
9422116903 6575314639
9422116903 8972922635
9422116903 8123226751
9422116903 8607279220
9422116903 4457659630
9422116903 9996054180
9422116903 4278164986
9422116903 9599584097
9422116903 7657597318
9422116903 3293592528
9422116903 8632274716
9422116903 3814442894
9422116903 2685182943
9422116903 6060674998
9422116903 786831086
9422116903 3526449989
1784230046 8947010467
1784230046 708116772
1784230046 9434767288
1784230046 3483681897
1784230046 6135588473
1784230046 200914062
1784230046 2666490555
1784230046 1411951566
1784230046 4445509444
1784230046 2264744010
1784230046 9508345382
1784230046 2333025149
1784230046 7287343743
1784230046 6375182065
1784230046 1891066491
1784230046 5956393000
1784230046 4690465939
4716666929 2266549959
4716666929 3323292572
4716666929 662300487
4716666929 316240921
4716666929 3639133949
4716666929 1284180666
4716666929 3812782494
4716666929 7917981697
4716666929 2139563181
4716666929 8468187341
4716666929 3588814280
4716666929 3773756881
4716666929 5580049967
4716666929 2903991800
4716666929 9885296430
4716666929 7979577229
4716666929 9539480775
8541680542 22024104
8541680542 2544886777
8541680542 1373406072
8541680542 5607584375
8541680542 1515082957
8541680542 3387881274
8541680542 3905970430
8541680542 8499478247
8541680542 9847881388
8541680542 2295411227
8541680542 2273516260
8541680542 6387467765
8541680542 9650187420
6818673884 1711416324
6818673884 4234936059
6818673884 7482061701
6818673884 6845586403
6818673884 5356954198
6818673884 8738403063
6818673884 6846697142
6818673884 5353172409
6818673884 4962359302
6818673884 1080629435
6818673884 4117647638
6818673884 7369217387
6818673884 8237697366
6818673884 5889016454
6818673884 6707834331
6818673884 7095743584
2882827711 5094449621
2882827711 6176575711
2882827711 7417627764
2882827711 8225896879
2882827711 357723772
2882827711 8455345836
2882827711 1858337483
2882827711 8002335493
2882827711 6109667125
2882827711 769656528
2882827711 3832303289
2882827711 3439310392
2882827711 1032117331
2882827711 4477614133
2882827711 6296228580
2882827711 5202866423
2882827711 4428363259
6609431505 6895819258
6609431505 4298923814
6609431505 7821600312
6609431505 5204356552
6609431505 1850885987
6609431505 3195244863
6609431505 6031630441
6609431505 4293396405
6609431505 4011558780
6609431505 3029660680
6609431505 8499282957
6609431505 3621657283
6609431505 871973813
6609431505 1571542618
6609431505 9872287460
6609431505 5833941212
6609431505 1333083359
3316747496 3873460747
3316747496 2595855303
3316747496 8353848850
3316747496 5691922362
3316747496 5614511200
3316747496 375505627
3316747496 1460200714
3316747496 7441683659
3316747496 1576105776
3316747496 101359572
3316747496 4660318488
3316747496 3913776542
3316747496 2468587493
3316747496 1287486436
622545819 8178364599
622545819 5816336511
622545819 7924838423
622545819 3876570945
622545819 5593500331
622545819 2212981879
622545819 1070406659
622545819 9826226634
622545819 4657596650
622545819 1323090486
622545819 2911489779
622545819 7290338445
622545819 6482717681
622545819 4770132564
8521399786 269011243
8521399786 4179310675
8521399786 5148375080
8521399786 8161992867
8521399786 3362560593
8521399786 8896589920
8521399786 5853823937
8521399786 8332352172
8521399786 2650806801
8521399786 3642102995
8521399786 6812045919
8521399786 2186962771
8521399786 6761961756
8521399786 2674134361
8521399786 3797204765
8521399786 8987451202
8521399786 5559750838
9402685301 9385623880
9402685301 715533370
9402685301 966842856
9402685301 1114352296
9402685301 2636587129
9402685301 8423872140
9402685301 7463471665
9402685301 5979771322
9402685301 4564782737
9402685301 8460437575
9402685301 3176891939
9402685301 4872470119
9402685301 6511446586
9402685301 1107970271
9402685301 2066597985
9402685301 4215213941
9402685301 123896737
8053235855 4408914255
8053235855 5065784256
8053235855 6491624205
8053235855 9772639618
8053235855 7534826753
8053235855 6741925234
8053235855 8280353713
8053235855 100686251
8053235855 8055540733
8053235855 730163575
8053235855 2127459711
8053235855 716689650
8053235855 7274733554
8053235855 1498463595
8053235855 1452320939
8053235855 1434632251
8053235855 791398822
8053235855 4062693023
6891721357 1111046205
6891721357 128171149
6891721357 7792388753
6891721357 1494449090
6891721357 2036591345
6891721357 5975411916
6891721357 7533041546
6891721357 8696602466
6891721357 6805769809
6891721357 2002165940
6891721357 1927977662
6891721357 6260357825
6891721357 1647161204
6891721357 7882916460
6891721357 9714604671
6891721357 9250409662
6891721357 335014697
4376550468 1584971242
4376550468 1304101356
4376550468 221511209
4376550468 2097852735
4376550468 3642097395
4376550468 5203611467
4376550468 3430303746
4376550468 6211077034
4376550468 9485666862
4376550468 5896636362
4376550468 7227865392
4376550468 6768004747
4376550468 4251767314
4376550468 8900172081
4376550468 7350185171
4376550468 9955124708
4376550468 1999757117
4376550468 6971631168
8811115089 9928654981
8811115089 3377388258
8811115089 4103845308
8811115089 8720322022
8811115089 9917104784
8811115089 2997414989
8811115089 8590911602
8811115089 3704121800
8811115089 3415548998
8811115089 4141244131
8811115089 4829696499
8811115089 943230028
8811115089 2878778563
8811115089 489591017
8811115089 9587971204
8811115089 9684675713
416120029 6905834341
416120029 9027080445
416120029 2127518803
416120029 5706159073
416120029 6401956600
416120029 2965165691
416120029 6220420639
416120029 6832168018
416120029 2237978449
416120029 8088899660
416120029 4067666160
416120029 2806945309
416120029 8327836390
416120029 157223403
416120029 6700238412
416120029 8412515908
416120029 2090097738
416120029 3391830180
8173021602 5166767361
8173021602 4178956637
8173021602 5889277213
8173021602 6760157797
8173021602 6813614229
8173021602 3460634674
8173021602 5039416887
8173021602 7833316385
8173021602 7521757386
8173021602 2140048206
8173021602 9130677319
8173021602 5922942554
8173021602 8558039011
8173021602 6208782279
8173021602 9934189619
8173021602 4186034645
8173021602 2318241531
2734407663 2561320516
2734407663 9660607612
2734407663 6675228296
2734407663 1226396224
2734407663 7563337446
2734407663 4401451194
2734407663 1385384510
2734407663 1003313236
2734407663 4349448543
2734407663 49133639
2734407663 9033744380
2734407663 7720593377
2734407663 1020088313
2734407663 8418506166
2734407663 6008761812
2734407663 7232305825
2734407663 9634927406
2734407663 317996500
4842863395 8979582299
4842863395 7781698348
4842863395 5153264092
4842863395 8731445973
4842863395 6350775709
4842863395 451330402
4842863395 8903393566
4842863395 4663000715
4842863395 1669545446
4842863395 6296676121
4842863395 7165116482
4842863395 6302386855
4842863395 5690055807
4842863395 461663096
4842863395 5342065354
4842863395 9612320457
4842863395 413897202
4842863395 892426935
4842863395 6428462509
4842863395 1608908712
8041759016 6849399858
8041759016 8690485892
8041759016 8978582971
8041759016 67779812
8041759016 862770895
8041759016 9302469
8041759016 5095233571
8041759016 7496336902
8041759016 6075145179
8041759016 4412756723
8041759016 5603069412
8041759016 5036939388
8041759016 2473667668
8041759016 5311124318
8041759016 5496373041
8041759016 1610209002
8041759016 7693748799
8041759016 3658104588
8041759016 3962589917
8041759016 8179306055
8041759016 8620493667
3139683462 5761767075
3139683462 2435481856
3139683462 8065369352
3139683462 3526568312
3139683462 5326634053
3139683462 3002895156
3139683462 1244064688
3139683462 6435067194
3139683462 8293545637
3139683462 4229465320
3139683462 1854437623
3139683462 5856472189
3139683462 4097844658
3139683462 6529629066
3139683462 5640306838
3139683462 4745407720
3139683462 5065537978
3139683462 3228347507
3139683462 3133492758
3139683462 5143226770
3139683462 7406550227
5650222113 5941295122
5650222113 8157381142
5650222113 6796211573
5650222113 9524561403
5650222113 417024010
5650222113 4116980527
5650222113 5931533017
5650222113 8830396532
5650222113 9946758395
5650222113 1035152840
5650222113 6148374766
5650222113 5857520586
5650222113 4717525206
5650222113 5941024974
5650222113 3251820842
5650222113 3599918114
5650222113 6712197352
5650222113 2079423223
1167287152 4830492252
1167287152 3540493732
1167287152 9541958189
1167287152 854065344
1167287152 9496657018
1167287152 8882064559
1167287152 481324827
1167287152 6114491082
1167287152 5290979235
1167287152 72110407
1167287152 7576442244
1167287152 9677839412
1167287152 2988480293
1167287152 6998406122
1167287152 7474959884
1167287152 5376598315
1167287152 7153356133
1167287152 9530799970
1167287152 42245953
1167287152 4652731790
5219158792 3775269926
5219158792 5333479075
5219158792 198496066
5219158792 1040537748
5219158792 504695187
5219158792 2613277070
5219158792 7951628405
5219158792 6961503088
5219158792 6877811714
5219158792 9067096561
5219158792 7524072751
5219158792 5696269022
5219158792 5039929895
5219158792 3127589036
5219158792 8503163707
5219158792 3132105033
5219158792 3189256591
5219158792 1518793797
5219158792 6917827036
5219158792 9659397960
5219158792 8497682699
1623688220 7066379110
1623688220 9690062879
1623688220 5857586073
1623688220 4221353407
1623688220 8963711655
1623688220 9539611418
1623688220 2571435429
1623688220 5858703420
1623688220 2858092223
1623688220 5264126450
1623688220 219115099
1623688220 4632953215
1623688220 7536744872
1623688220 1676313808
1623688220 8002646974
1623688220 7307937726
1623688220 9096745006
1623688220 2527223973
1623688220 1722245090
1623688220 3115780495
4832235665 1209015591
4832235665 7860437129
4832235665 3129978819
4832235665 2304319731
4832235665 9628895430
4832235665 4273501404
4832235665 4350376753
4832235665 6474052206
4832235665 4399691806
4832235665 1192249454
4832235665 8708955193
4832235665 4048205692
4832235665 1160120728
4832235665 4644488626
4832235665 4270331504
4832235665 3448147824
4832235665 3118020181
4832235665 4455162024
4832235665 2359719410
4832235665 9436397193
6524117727 7598129715
6524117727 42664678
6524117727 1530669003
6524117727 4772713910
6524117727 1347031596
6524117727 9857381435
6524117727 852778546
6524117727 6810381436
6524117727 7247028889
6524117727 5491897248
6524117727 9946143738
6524117727 422630777
6524117727 9494269781
6524117727 6310495821
6524117727 1793117531
6524117727 9601638360
6524117727 4783965273
6524117727 333535947
6524117727 6319477183
6524117727 2130813356
6524117727 7764703284
377748792 622601247
377748792 5632570515
377748792 317445969
377748792 4936583335
377748792 1405499904
377748792 6167257612
377748792 4653374828
377748792 264848571
377748792 1201159623
377748792 3616099870
377748792 7966633894
377748792 7204068801
377748792 2661085394
377748792 1599136909
377748792 4672066046
377748792 6253644130
377748792 2911644607
377748792 4306927289
377748792 4211356597
377748792 9760931690
377748792 6335722903
3619070114 379503514
3619070114 9149817388
3619070114 2107913762
3619070114 9019899637
3619070114 4816527333
3619070114 9656602927
3619070114 1278174060
3619070114 8175427101
3619070114 8017989883
3619070114 9002288773
3619070114 5454275090
3619070114 1066573981
3619070114 2957337598
3619070114 6634149731
3619070114 8385077518
3619070114 711053095
3619070114 7313806592
3619070114 3711812686
3619070114 2227534778
3619070114 8641810949
3619070114 1094739745
3619070114 300560450
6391782565 6873584617
6391782565 2146114437
6391782565 9346591683
6391782565 3125154700
6391782565 2794426934
6391782565 5288291060
6391782565 297395173
6391782565 1321259424
6391782565 7023481907
6391782565 3044513232
6391782565 564119333
6391782565 5488925658
6391782565 6487969086
6391782565 2080963760
6391782565 4996555402
6391782565 4677455717
6391782565 6430620149
6391782565 2553672938
664760204 6891542888
664760204 1882857960
664760204 5800369130
664760204 8261730295
664760204 8908365665
664760204 3827347329
664760204 3013146128
664760204 3843164009
664760204 2090556924
664760204 4908844645
664760204 2929398677
664760204 8155556653
664760204 2719977744
664760204 7053707121
664760204 6566228714
664760204 2803035202
664760204 97505663
664760204 5201730518
664760204 3210445846
664760204 4976441128
664760204 6404764523
664760204 2493102792
664760204 7565312850
6770361492 2867934484
6770361492 1163187868
6770361492 6456575474
6770361492 4558135348
6770361492 7188531803
6770361492 8898243057
6770361492 5221185227
6770361492 7830702237
6770361492 1993714145
6770361492 7838574550
6770361492 1028898873
6770361492 8879533539
6770361492 6400489236
6770361492 7251568716
6770361492 6635020230
6770361492 5947172957
6770361492 9303000077
6770361492 4532856841
6770361492 9063371564
6770361492 1219550286
6770361492 60746878
