428 2659
428 2270
428 5804
428 2232
428 3948
428 957
428 5583
428 5438
428 7075
428 7077
428 3164
428 5082
428 5739
428 1200
428 690
428 4744
428 2279
428 1110
428 4324
428 7443
428 1700
428 1375
428 3742
428 1360
428 175
428 3962
428 3253
428 1009
428 3373
428 2242
428 5081
428 4761
428 1035
428 3260
428 4996
428 2418
428 1041
428 5835
428 3749
428 1188
428 1187
428 4388
428 1226
428 2427
428 3949
428 4691
428 8249
428 8250
428 4322
428 1989
428 2434
428 857
428 1082
428 79
428 1
428 4759
428 707
428 7041
428 197
428 2243
428 2515
428 2456
428 3149
428 4701
428 2470
428 6741
428 2249
428 2479
428 986
428 4318
428 5394
428 7563
428 4558
428 468
428 3580
428 677
428 6013
428 6744
428 1356
428 2231
428 8
428 1694
428 3211
428 6322
428 4695
428 6708
428 2426
428 3214
428 4958
428 2335
428 3154
428 7667
428 2867
428 206
428 1483
428 580
428 3764
428 56
428 40
428 3186
428 5404
428 2045
428 184
428 753
428 683
428 699
428 3293
428 711
428 2289
428 3994
428 1296
428 2297
428 1038
428 710
428 23
428 864
428 22
428 901
428 4047
428 6
428 2034
428 2041
428 2295
428 8251
428 625
428 8252
428 4373