146 238
146 138
146 191
146 20
146 184
146 80
146 202
146 158
146 68
146 122
195 55
195 24
195 11
195 61
195 252
195 135
195 169
195 240
195 13
195 59
195 185
68 57
68 81
68 134
68 120
68 106
68 251
68 1
68 143
68 211
68 144
68 176
205 22
205 113
205 81
205 44
205 121
205 25
205 251
205 219
205 19
205 197
205 115
17 40
17 230
17 220
17 162
17 79
17 89
17 77
17 159
17 133
17 41
17 164
33 143
33 27
33 57
33 231
33 121
33 106
33 95
33 37
33 56
33 244
234 125
234 76
234 230
234 181
234 120
234 204
234 228
234 209
234 223
234 140
182 201
182 209
182 243
182 210
182 1
182 42
182 213
182 231
182 191
182 219
248 228
248 154
248 103
248 24
248 15
248 65
248 81
248 118
248 225
248 67
129 125
129 208
129 163
129 140
129 49
129 42
129 249
129 38
129 255
129 98
129 103
161 69
161 190
161 255
161 15
161 16
161 138
161 229
161 126
161 52
161 19
161 15
200 51
200 178
200 50
200 19
200 248
200 223
200 116
200 245
200 208
200 157
200 79
84 144
84 93
84 165
84 36
84 66
84 158
84 123
84 204
84 217
84 181
96 24
96 105
96 150
96 101
96 141
96 121
96 163
96 53
96 236
96 56
96 226
166 88
166 222
166 248
166 88
166 19
166 86
166 157
166 133
166 203
166 115
130 69
130 231
130 176
130 34
130 194
130 177
130 41
130 67
130 82
130 235
130 34
228 164
228 217
228 137
228 94
228 219
228 71
228 126
228 116
228 206
228 122
228 72
194 237
194 245
194 61
194 138
194 63
194 246
194 211
194 106
194 94
194 12
194 108
145 27
145 11
145 170
145 86
145 114
145 100
145 170
145 249
79 67
79 187
79 163
79 245
79 127
79 98
79 244
79 197
79 220
79 125
24 246
24 161
24 54
24 122
24 194
24 253
24 202
24 97
118 181
118 98
118 69
118 12
118 108
118 56
118 230
118 163
118 18
118 160
118 255
118 164
57 168
57 116
57 55
57 159
57 211
57 79
57 34
57 204
57 53
57 48
28 129
28 63
28 152
28 70
28 245
28 42
28 241
28 224
28 27
28 64
28 253
28 70
161 205
161 189
161 105
161 149
161 99
161 36
161 110
161 246
161 91
161 21
161 214
42 202
42 103
42 203
42 23
42 182
42 16
42 144
42 167
42 152
42 32
42 49
42 233
166 95
166 20
166 121
166 229
166 188
166 37
166 163
166 199
166 64
166 201
166 243
56 19
56 33
56 91
56 96
56 153
56 125
56 112
56 125
56 146
56 213
56 212
73 54
73 110
73 121
73 134
73 248
73 247
73 176
73 207
73 130
73 157
73 219
73 51
96 69
96 94
96 40
96 241
96 217
96 144
96 29
96 224
96 8
96 78
96 142
96 85
108 246
108 202
108 110
108 191
108 171
108 183
108 196
108 150
108 65
108 31
108 175
108 40
235 91
235 50
235 197
235 129
235 91
235 170
235 78
235 144
235 175
235 42
235 253
235 122
213 110
213 6
213 163
213 183
213 118
213 230
213 52
213 82
213 154
213 167
213 139
28 50
28 211
28 215
28 135
28 150
28 20
28 207
28 34
28 107
28 210
28 41
147 135
147 74
147 48
147 156
147 199
147 120
147 175
147 148
147 30
147 119
147 160
147 63
147 190
103 137
103 173
103 5
103 40
103 149
103 165
103 89
103 130
103 36
103 215
103 187
51 189
51 10
51 162
51 165
51 227
51 210
51 213
51 191
51 51
51 127
51 49
51 98
152 81
152 27
152 118
152 168
152 146
152 104
152 251
152 135
152 150
152 215
152 165
152 242
152 22
153 39
153 59
153 36
153 227
153 7
153 12
153 171
153 110
153 10
153 165
237 244
237 204
237 60
237 232
237 21
237 237
237 42
237 233
237 228
237 237
237 173
237 43
237 194
65 115
65 199
65 101
65 180
65 107
65 36
65 248
65 201
65 67
65 46
65 22
65 195
65 103
102 246
102 214
102 195
102 206
102 74
102 30
102 76
102 163
102 99
102 154
102 128
102 176
142 125
142 239
142 128
142 57
142 182
142 183
142 58
142 157
142 200
142 164
142 180
142 42
82 191
82 48
82 30
82 65
82 219
82 167
82 154
82 162
82 222
82 197
82 3
131 124
131 197
131 33
131 246
131 140
131 27
131 21
131 89
131 254
131 111
131 233
131 34
222 231
222 133
222 18
222 170
222 215
222 85
222 170
222 188
222 240
222 232
222 242
179 89
179 183
179 159
179 95
179 111
179 233
179 215
179 215
179 237
179 232
179 214
179 180
179 94
54 165
54 56
54 115
54 48
54 229
54 79
54 231
54 10
54 99
54 134
215 33
215 16
215 149
215 248
215 254
215 99
215 196
215 151
215 70
215 26
215 154
215 9
215 153
202 133
202 232
202 83
202 6
202 241
202 220
202 53
202 197
202 37
202 190
202 64
233 231
233 107
233 211
233 232
233 178
233 201
233 104
233 189
233 228
233 170
233 210
169 123
169 233
169 52
169 120
169 22
169 117
169 196
169 224
169 182
169 219
169 128
169 69
169 147
176 98
176 213
176 239
176 149
176 240
176 20
176 183
176 248
176 128
176 172
176 117
89 183
89 222
89 151
89 66
89 146
89 39
89 219
89 113
89 223
89 31
89 75
89 130
89 181
160 167
160 237
160 233
160 142
160 176
160 15
160 29
160 80
160 29
160 21
160 147
160 231
160 84
160 162
162 206
162 10
162 85
162 46
162 162
162 110
162 21
162 206
162 222
162 77
162 223
82 6
82 188
82 66
82 192
82 135
82 110
82 67
82 19
82 111
82 29
82 88
82 100
82 187
82 91
36 196
36 121
36 82
36 224
36 164
36 153
36 29
36 16
36 45
36 12
36 52
36 123
36 91
36 244
36 109
58 161
58 60
58 154
58 134
58 184
58 7
58 105
58 135
58 67
58 33
58 138
58 81
58 105
58 190
58 131
244 152
244 187
244 78
244 213
244 59
244 141
244 21
244 251
244 43
244 238
244 255
244 3
244 144
244 51
62 130
62 50
62 161
62 92
62 79
62 192
62 236
62 185
62 189
62 161
62 21
62 191
62 65
90 99
90 183
90 117
90 38
90 79
90 33
90 25
90 136
90 239
90 166
90 206
90 126
90 154
90 18
90 33
100 145
100 201
100 171
100 219
100 190
100 192
100 102
100 229
100 107
100 119
100 231
100 146
100 221
100 24
100 153
191 96
191 121
191 210
191 255
191 190
191 59
191 211
191 191
191 125
191 99
191 84
191 0
191 188
191 168
241 46
241 67
241 121
241 140
241 78
241 22
241 142
241 234
241 24
241 217
241 75
241 243
241 253
241 230
241 105
31 233
31 133
31 18
31 57
31 103
31 113
31 116
31 220
31 158
31 158
31 205
31 241
31 72
31 125
31 218
31 59
98 127
98 30
98 25
98 163
98 175
98 192
98 162
98 131
98 101
98 92
98 103
98 233
98 168
98 115
98 99
98 181
2 28
2 175
2 241
2 49
2 228
2 87
2 12
2 175
2 62
2 236
2 52
2 12
2 116
2 83
2 178
120 79
120 20
120 223
120 120
120 57
120 203
120 176
120 161
120 83
120 236
120 82
120 137
120 226
120 89
120 36
120 81
120 196
126 71
126 23
126 32
126 247
126 131
126 151
126 177
126 86
126 117
126 112
126 125
126 126
126 1
126 173
126 33
126 73
126 108
101 51
101 126
101 104
101 251
101 224
101 214
101 152
101 11
101 228
101 148
101 63
101 19
101 115
101 56
101 214
101 227
101 253
11 146
11 110
11 37
11 82
11 49
11 33
11 54
11 190
11 223
11 198
11 226
11 238
11 144
22 65
22 42
22 164
22 20
22 80
22 220
22 255
22 8
22 91
22 32
22 73
22 171
22 160
22 3
22 66
22 99
140 143
140 215
140 234
140 237
140 156
140 218
140 179
140 143
140 17
140 128
140 121
140 10
140 65
140 191
140 183
140 54
140 166
6 36
6 115
6 76
6 234
6 107
6 203
6 169
6 40
6 191
6 0
6 206
6 198
6 193
6 56
6 27
6 12
6 114
26 147
26 200
26 148
26 108
26 154
26 232
26 88
26 194
26 21
26 135
26 250
26 42
26 130
26 247
125 136
125 224
125 178
125 112
125 203
125 244
125 86
125 55
125 80
125 9
125 58
125 48
125 106
125 147
164 135
164 75
164 201
164 169
164 252
164 43
164 43
164 20
164 56
164 19
164 243
164 100
164 148
164 21
164 184
164 106
164 175
202 20
202 32
202 49
202 207
202 61
202 230
202 157
202 171
202 243
202 116
202 170
202 147
202 71
202 165
202 210
202 254
202 111
206 124
206 147
206 10
206 200
206 120
206 232
206 22
206 51
206 4
206 142
206 123
206 153
206 90
206 237
206 107
206 147
206 53
206 163
136 237
136 158
136 27
136 179
136 228
136 248
136 13
136 90
136 13
136 251
136 161
136 190
136 202
136 46
136 39
136 255
136 86
45 116
45 177
45 130
45 130
45 124
45 110
45 210
45 82
45 172
45 113
45 220
45 255
45 226
45 46
45 11
45 174
45 81
45 201
113 23
113 119
113 33
113 183
113 188
113 89
113 181
113 177
113 61
113 98
113 103
113 125
113 61
113 200
113 93
113 16
137 6
137 2
137 235
137 122
137 52
137 35
137 213
137 59
137 37
137 104
137 135
137 61
137 206
137 149
137 169
137 167
137 163
137 35
90 96
90 47
90 33
90 6
90 248
90 147
90 54
90 64
90 50
90 233
90 120
90 199
90 223
90 173
90 230
90 14
90 96
54 207
54 76
54 1
54 179
54 125
54 131
54 51
54 7
54 80
54 32
54 71
54 15
54 35
54 134
54 75
54 80
54 2
54 139
254 55
254 150
254 33
254 167
254 115
254 184
254 53
254 187
254 58
254 80
254 183
254 124
254 64
254 30
254 154
254 211
254 179
254 186
254 10
254 102
74 201
74 25
74 134
74 246
74 158
74 2
74 98
74 1
74 155
74 147
74 45
74 110
74 228
74 161
74 33
74 200
74 232
74 47
74 126
74 255
74 232
119 180
119 49
119 78
119 142
119 31
119 210
119 226
119 252
119 216
119 59
119 198
119 52
119 105
119 134
119 178
119 212
119 229
119 38
119 110
119 124
119 101
238 245
238 104
238 211
238 251
238 186
238 112
238 101
238 32
238 16
238 167
238 29
238 24
238 180
238 217
238 21
238 175
238 106
238 221
156 38
156 119
156 93
156 18
156 123
156 78
156 228
156 208
156 75
156 202
156 139
156 25
156 47
156 6
156 201
156 222
156 153
156 27
156 6
156 187
96 140
96 71
96 9
96 212
96 21
96 103
96 195
96 38
96 180
96 169
96 18
96 108
96 247
96 249
96 223
96 54
96 28
96 200
96 108
96 76
96 118
242 129
242 155
242 250
242 5
242 76
242 211
242 84
242 166
242 35
242 227
242 158
242 173
242 71
242 228
242 27
242 52
242 32
242 12
242 116
242 149
22 21
22 118
22 77
22 84
22 74
22 150
22 177
22 94
22 138
22 198
22 53
22 231
22 247
22 24
22 87
22 75
22 161
22 231
22 23
22 158
127 4
127 11
127 65
127 199
127 70
127 244
127 51
127 236
127 76
127 222
127 125
127 21
127 113
127 103
127 214
127 34
127 219
127 200
127 185
127 5
127 197
181 39
181 208
181 0
181 17
181 240
181 208
181 59
181 149
181 53
181 173
181 195
181 192
181 54
181 186
181 3
181 41
181 119
181 5
181 10
181 148
181 27
173 107
173 62
173 251
173 109
173 19
173 123
173 121
173 181
173 246
173 69
173 50
173 67
173 149
173 222
173 62
173 28
173 183
173 210
173 2
173 211
173 233
173 177
87 150
87 19
87 239
87 212
87 49
87 213
87 186
87 86
87 134
87 252
87 28
87 43
87 225
87 137
87 252
87 198
87 136
87 19
63 211
63 247
63 245
63 120
63 62
63 61
63 100
63 201
63 5
63 206
63 233
63 190
63 189
63 101
63 52
63 98
63 232
63 8
63 42
63 98
63 159
63 93
63 57
38 9
38 146
38 115
38 75
38 187
38 125
38 173
38 129
38 35
38 62
38 51
38 158
38 145
38 222
38 211
38 20
38 134
38 52
38 48
38 21
38 179
